$ANSIBLE_VAULT;1.1;AES256
61643465346230323362353463636261303664363638383461336232646638353539323765306337
3264656531373761373462316636383032383030643231630a643530663465346134393861346334
37306561616431636162346639396539376161323166333464326439326261333232333038616131
3335366436396137330a323134663337363565306561626232393639353064613635623265343461
34386163313363663637313935653234313966323763313232636161316232626630653631303135
32353963653430383937636438623663663636383735396239666230656561613234386565306130
38343664303562663632633033636631616665373563393434333937356633623338663634316164
34363230343663653066663034613036346361653035333235656237653663306362646432656636
32356633343362396133336234306438376334633762633431386363363939393066653136653131
36303261666166303261383935313330623262383961356466353534643263653061323536613836
36326562356365393732306366623136616132323264316530313965386437616234663539616430
39613633663833336432656663306437343131343936623038303733333065333663633533356366
66373138353338386636656436303935376165333031303261646230376335663461356135616364
33326435356332653939613964636632376134666361363032363864666132386335333139366166
65386362333234316237353837313536393533633764356537353164343930656665306233383135
64383131346335633331333064373238306364353762643630623335666465313461356165323432
36636261636663306662373636633632303539306539373366623038373732316236343438383162
66656335336339383037383635653766333461386661643635306535356663336435656334303832
64643639616432623336356166313438343066353134653365623566303135386431336439383835
66363233346264333938313033366236383032626231656332626661636663323162666630323930
38363533653265323161376233333536383931303035656639643061343036303335383430333133
38613332363237313636643762623033636135316239366361366362633065643835303866336231
35313763336363656233353133343865303864633536363734393539316561623963343461613137
39333136326132623832386136613165636430383433343338633838303739653738313666376230
30303632376633613435303763373931623165386637623436343038383933326466323064333266
37343562646664616365326462333761303933383861633662373461386439663061353133663564
63346534346139336665346366386439663936626430353865393932383437386238343833616462
65366235663138383938643837303031333936623134653136656638393031323330343666353531
34633433613639386137396639616137346330623439633066353235393937623437333665383135
31636230313465623936613635316235386139346466326562363830343832663934666232653863
37326437323332353666343134363234303966316266653363653364616535646239393061613938
31653734373665626365346137623262626538636139323633363333663361343062346631393662
30623462363138646163326262326134626639313465363065623030633135643133646661356334
64313266323236613265663437316262646661643837316261623430336538353639333639343338
36326632643532396534356433303964323938386430303531353833323731616435643332653963
39383633383964393133336236356166656233663565383265616337333337613262363533633830
39623632663663393634353664343331663931623066393638636165633637663364386233346666
34393762373233336666363434666433393031303438366538613632646666633731616665646531
37383165326265303361346664316633653635633539356462343663366239663366353634316533
35636432653138653833366266336430363665373262363837646637653636396462346630616131
31626235613730323437663965363964643736366437613763643761393166623462323962313565
30663330353261373238646538363161366336386664613864343033653264323239333262313163
326239313365366230393032646363393565
